16 1024
48 14 47 12 25 14 19 35 3 4 10 9 44 15 47 47
37 36 14 37 17 4 10 11 15 16 31 14 24 13 17 25
31 17 3 9 1 6 26 35 16 3 38 34 30 38 11 1 28 10 7 11 41 43 24 36 36 16 44 30 27 23 32 37 7 29 22 34 46 24 7 41 6 45 5 6 20 12 8 32 43 12 24 37 36 15 38 1 48 33 47 7 23 11 16 24 46 39 21 23 28 30 10 11 8 50 15 16 20 32 17 30 31 17 25 32 39 27 1 36 50 14 28 7 26 11 29 8 37 34 29 48 26 43 50 45 25 33 44 15 42 34 29 15 44 29 49 16 7 19 12 49 49 7 43 43 33 45 33 13 22 28 46 7 41 47 9 35 37 1 19 30 3 49 31 13 26 41 39 50 48 2 28 28 36 31 33 37 17 10 10 5 25 26 2 37 15 12 24 22 25 1 5 33 31 16 18 3 35 36 29 40 3 23 49 42 30 18 18 20 15 44 33 22 38 24 17 48 37 3 48 49 24 11 32 37 8 33 16 5 41 34 22 36 5 7 27 23 26 44 16 41 46 26 35 33 48 4 31 25 12 11 33 40 29 2 11 32 28 46 3 31 45 11 36 48 4 4 31 36 45 18 21 23 38 5 31 33 44 22 19 14 39 35 50 16 40 43 17 31 48 23 2 35 13 20 18 30 4 11 35 11 14 49 22 21 15 50 12 10 23 13 36 45 27 25 49 16 22 44 22 38 29 4 8 26 19 49 3 47 27 20 25 39 38 18 38 14 37 10 43 23 20 6 20 14 37 20 28 1 33 42 24 34 4 40 27 20 23 12 3 13 33 35 16 26 18 28 23 48 9 10 45 7 5 33 7 5 25 18 42 24 8 45 10 6 45 22 41 28 31 41 45 7 44 2 28 45 23 4 34 10 31 35 22 6 21 27 46 29 16 33 30 26 12 41 50 43 9 31 13 4 10 44 16 38 2 45 50 24 44 4 36 3 28 10 31 37 43 31 14 20 7 39 32 14 3 7 31 22 8 29 36 39 4 49 30 12 33 38 48 16 10 22 32 9 24 5 17 41 37 27 31 9 14 10 2 47 38 2 37 18 18 27 11 34 20 20 7 12 28 28 2 38 47 19 46 28 19 9 11 48 27 15 31 44 29 15 35 35 12 24 28 32 13 10 32 42 26 19 2 44 18 19 11 2 7 10 31 31 19 5 22 34 49 20 10 15 42 24 44 2 45 43 1 44 49 1 44 32 41 31 17 48 9 10 45 33 33 5 40 7 19 4 30 24 50 42 49 3 29 25 8 18 31 43 41 32 25 17 9 49 20 30 27 19 9 17 38 37 15 34 36 38 30 35 17 11 38 37 47 19 20 44 1 42 40 13 28 47 50 10 44 24 48 49 4 24 28 40 18 14 4 23 22 45 14 11 3 42 41 43 46 21 42 9 23 32 24 49 28 50 42 27 32 5 49 29 4 50 50 9 48 11 15 30 37 27 34 7 42 45 46 3 7 22 6 36 3 10 33 7 33 32 6 35 20 31 40 49 49 46 24 10 34 16 38 10 49 35 30 36 21 19 4 13 50 29 25 17 3 47 19 42 50 15 30 6 32 8 1 23 31 36 25 16 30 16 38 48 43 15 40 35 33 44 14 14 5 32 25 6 6 25 47 40 20 23 28 25 41 13 39 35 36 3 14 39 6 29 32 14 33 14 42 5 14 41 8 36 20 47 9 47 36 40 6 36 26 9 20 22 13 41 2 49 34 49 32 23 45 50 13 5 27 5 35 50 46 35 28 1 17 35 30 26 39 32 3 18 26 44 34 7 13 16 35 14 47 29 16 17 1 40 7 43 6 4 8 50 37 44 45 13 9 13 1 4 7 49 32 16 15 33 17 8 46 9 17 39 25 17 49 5 41 18 10 46 8 8 9 19 22 40 18 33 34 3 28 5 12 27 47 26 34 47 7 32 17 4 6 14 32 32 46 47 35 5 49 42 7 28 48 15 39 30 32 40 24 34 4 42 32 7 42 44 29 8 30 32 41 5 23 28 45 43 36 18 38 8 2 42 30 43 23 19 29 10 26 3 49 37 45 38 12 22 19 8 50 48 7 11 25 6 30 39 34 9 4 23 5 22 47 5 34 31 48 22 30 33 17 13 14 12 17 47 32 34 34 5 44 50 23 38 35 33 44 46 5 20 23 38 40 25 13 48 32 15 26 47 32 29 26 44 37 50 43 11 11 33 44 48 4 48 3 7 42 50 22 30 3 27 11 31 50 19 48 39 31 44 10 40 31 10 33 40 14 23 9 20 25 3 35 49 42 49 4 37 13 36 21 42 47 47 20 49 1 23 1 6 21 16 38 9 25 49
66 268 900 184 939 309 792 393 650 804 501 390 649 108 181 211 698 385 537 201 427 742 239 797 908 246 338 370 647 612 729 716 605 734 748 72 598 172 454 528 340 205 245 365 220 348 570 868 236 527 421 613 62 705 942 210 154 516 525 90 306 366 1003 223 533 906 787
76 617 323 228 750 39 930 894 801 145 433 289 593 412 795 346 841 668 291 156 542 298 879 21 655 754 177 46 874 368 890 203 278 165 779 467 280 471 788 382 27 928 450 307 644 221 216 328 646 673 507 500 71 925 743 115 502 50 490 31 303 498 561 712 14 745 53 114 275 375 105 56 752 282 765 602 295
71 470 101 77 895 829 406 87 843 119 493 878 609 336 241 691 485 586 632 943 923 554 197 892 639 736 405 543 519 810 321 959 258 174 915 352 872 520 845 766 975 161 33 664 259 180 759 564 263 356 980 175 860 76 37 899 776 243 257 415 1020 927 432 149 9 973 824 106 407 445 755 58
73 671 353 342 884 107 582 600 898 98 818 344 524 674 430 919 1023 92 441 822 85 438 24 786 723 720 833 459 48 678 1011 568 676 162 16 256 794 443 550 581 1017 802 65 129 981 487 392 725 363 253 702 67 836 1002 350 155 669 893 8 248 311 809 66 43 473 784 374 737 738 595 462 3 376 825
53 503 744 799 70 625 731 319 402 403 994 269 917 475 546 941 714 127 951 118 147 1009 591 15 985 760 837 444 195 535 924 477 369 109 28 993 885 227 240 882 758 1000 499 579 934 297 231 193 859 965 654 637 183 125
51 580 685 506 831 347 171 294 577 603 20 483 40 667 861 553 665 484 476 556 322 371 814 401 455 466 583 460 469 399 753 252 482 607 88 379 18 198 373 661 411 331 1019 143 1007 1021 978 439 126 719 932 334
58 534 992 1 559 494 225 505 283 769 209 616 547 187 377 6 615 563 224 638 854 835 74 383 314 621 703 288 982 414 726 279 773 1006 136 713 362 976 511 229 955 956 904 452 584 420 870 916 299 987 440 481 578 552 492 708 135 10 883
67 628 185 819 826 778 254 388 986 911 302 601 139 722 522 131 464 684 488 515 741 733 51 857 304 710 995 244 287 446 296 453 75 749 971 196 120 451 855 721 569 694 565 96 618 816 179 608 864 998 634 19 170 509 567 540 1015 856 35 419 945 200 796 281 538 60 555 711
63 875 964 871 164 169 966 150 936 599 329 222 12 343 146 847 935 549 140 1014 764 47 141 266 715 1012 961 418 213 909 929 422 386 426 461 852 574 526 839 242 858 261 148 42 152 189 317 121 531 597 132 192 410 604 463 972 308 157 926 285 728 11 457 339
58 863 394 57 780 679 389 137 355 313 32 576 984 380 361 660 886 83 775 54 1024 428 38 782 718 26 940 1001 912 345 658 124 683 944 41 398 933 588 681 391 449 757 474 573 630 249 104 701 1004 735 997 631 163 989 560 907 740 226 68
65 903 851 384 326 318 844 102 447 59 190 514 790 305 521 292 914 865 946 798 896 635 834 696 873 806 235 557 530 657 763 271 666 532 293 166 431 590 867 73 378 151 381 91 548 1013 1016 761 284 167 979 513 357 931 791 327 626 260 767 4 214 359 23 988 627 367
61 337 194 808 233 768 594 862 489 265 301 517 629 827 468 436 206 842 950 100 153 1010 677 413 888 850 762 949 551 448 963 354 267 237 395 969 990 204 947 13 781 29 110 512 333 953 562 623 232 219 783 656 330 876 133 81 409 589 689 659 572 316
68 123 968 82 122 785 651 273 1018 970 1022 417 270 320 17 614 396 207 680 688 690 774 596 643 63 312 456 404 160 341 188 351 545 55 425 144 325 770 5 491 807 335 36 695 606 620 128 682 558 142 962 277 324 158 61 686 571 539 922 905 817 866 536 2 332 974 920 116 173
82 97 692 397 310 672 938 276 901 117 113 134 80 880 848 45 523 853 663 793 138 290 648 700 869 662 642 747 592 79 977 159 622 653 820 585 815 458 250 913 805 670 217 756 541 877 619 442 7 434 99 89 130 727 495 640 645 675 202 813 30 178 699 479 251 435 891 996 772 952 821 358 910 349 510 465 828 286 44 724 830 429 957
54 300 954 423 424 49 182 887 697 812 832 881 1008 889 849 771 983 1005 84 111 611 112 168 566 364 497 34 212 846 803 387 208 400 624 918 709 739 575 610 544 730 707 25 480 218 315 937 518 486 262 360 264 238 991 777
58 408 274 215 633 717 255 921 529 652 416 897 95 199 840 751 186 93 732 706 191 958 960 641 967 789 636 746 234 372 86 272 800 704 230 504 693 69 472 64 902 103 176 247 687 838 587 999 823 948 478 78 496 52 508 437 811 94 22
