32 1024
47 45 3 2 33 20 49 45 2 20 36 48 14 12 46 16 14 32 36 7 4 16 12 20 9 3 30 13 6 46 13 43
2 4 19 16 5 24 1 9 29 11 12 3 14 39 42 25 6 49 13 4 34 34 25 34 6 23 34 36 18 47 7 10
8 7 45 4 49 23 11 46 5 7 16 33 50 15 14 39 15 7 7 14 27 36 20 29 39 13 15 24 15 33 24 34 1 30 26 35 43 40 15 47 9 19 20 36 28 46 28 12 49 25 4 44 11 24 23 36 15 35 5 33 29 46 45 2 47 19 6 33 12 7 6 33 29 26 17 17 48 37 42 27 18 26 10 36 26 43 20 39 34 48 14 26 26 26 18 32 41 49 10 24 47 24 29 21 8 21 18 7 14 14 12 16 47 20 22 24 8 3 48 19 20 50 40 18 40 15 13 24 29 14 37 7 14 14 31 6 25 25 44 8 50 19 32 13 33 13 49 41 8 31 23 34 8 27 45 47 27 45 40 2 6 38 25 40 1 23 34 33 9 8 38 26 27 48 6 29 16 18 26 12 44 30 24 46 2 48 13 12 33 13 41 30 17 44 27 3 24 27 25 37 11 13 10 5 38 34 33 13 50 8 39 6 3 2 46 14 44 46 49 50 2 14 26 26 5 1 17 44 25 32 1 38 19 47 42 29 17 1 12 4 19 26 6 18 35 20 18 46 4 32 38 31 23 14 24 38 1 25 12 44 26 30 18 10 47 16 17 27 33 16 27 33 33 1 26 31 38 24 6 2 2 47 37 35 25 42 26 17 3 44 45 31 4 40 26 32 33 4 2 29 27 45 9 34 13 46 7 28 7 3 15 42 34 44 19 37 25 47 17 17 21 3 37 23 47 48 31 4 13 3 22 23 6 41 7 46 15 4 40 46 40 49 27 41 14 5 37 10 6 47 2 38 41 20 48 7 39 50 50 42 10 29 8 4 16 35 16 25 21 4 41 43 6 32 44 28 4 4 6 10 33 9 6 40 21 29 39 40 30 10 7 41 16 1 40 35 35 9 38 13 16 1 11 23 29 28 21 48 31 35 38 18 28 8 20 14 19 20 23 26 34 43 28 27 24 45 42 39 2 34 44 15 12 21 3 45 40 24 9 5 16 41 22 42 42 2 16 19 18 42 3 21 16 47 43 16 43 15 5 27 41 25 42 35 29 36 36 13 33 13 33 50 37 42 32 8 44 41 45 7 46 21 33 5 20 38 45 2 40 21 36 47 20 33 50 13 10 28 19 10 26 6 28 9 36 4 43 50 43 14 6 4 10 28 24 41 12 41 30 16 24 18 5 8 42 50 39 6 13 14 44 12 41 35 38 23 31 21 6 5 48 18 39 2 31 10 42 37 47 3 45 36 20 29 48 24 2 34 23 21 21 48 3 47 21 22 4 19 16 35 14 26 1 19 31 39 30 19 23 50 11 33 1 46 40 17 37 38 47 29 30 22 21 37 35 18 44 42 44 36 50 37 25 2 43 14 35 9 46 4 39 43 25 49 33 13 16 41 26 28 17 50 33 11 14 27 50 26 4 19 27 43 7 7 11 22 23 21 33 49 7 7 9 36 34 24 14 23 16 19 30 4 6 6 22 50 15 23 7 44 11 44 15 33 1 47 49 40 8 42 11 39 15 24 24 12 11 18 21 1 33 22 45 46 44 39 36 1 12 3 20 12 45 41 32 31 49 21 27 38 4 2 36 23 37 43 22 21 1 30 12 48 25 40 39 46 1 1 3 36 36 3 18 30 24 41 45 3 46 21 3 41 19 17 13 6 37 11 38 8 4 12 46 46 9 48 5 43 9 7 16 26 19 4 39 41 15 49 15 28 1 28 28 44 42 48 8 36 10 26 2 22 21 35 32 33 31 9 35 5 3 41 41 4 44 14 25 42 15 2 13 8 5 40 5 2 14 12 33 30 40 28 5 37 19 22 21 16 46 20 36 45 48 26 47 17 26 47 47 9 21 3 23 15 42 15 29 46 19 43 49 6 8 30 8 49 4 31 41 29 9 44 4 46 24 45 24 44 9 50 4 32 21 31 39 40 39 7 21 25 49 5 38 31 36 32 11 48 18 11 46 37 17 46 46 34 23 35 34 45 38 24 43 5 17 43 48 2 28 13 5 34 7 45 18 10 29 35 49 23 3 1 9 4 6 19 43 37 38 26 18 23 14 27 46 5 26 14 14 17 26 38 18 28 47 45 45 8 36 43 39 24 7 47 2 7 49 48 30 32 27 19 10 23 47 3 11 12 9 34 1 5 42 13 5 19 37 33 50 14 45 26 30 23 22 3 24 32 27 5 40 5 20 34 14 10 34 33 17 43 11 30 45 17 41 23 5 42 2 20 25 36 34 9 47 3 4 21 46 47 38 40 20 2 18 16 44 17 29 17 3 44 6 29 48 43 9 15 33 49 42 50 13 1
27 383 2 1005 794 420 626 375 549 919 95 370 315 55 513 496 28 537 348 399 214 357 791 703 416 723 846 422
28 854 858 293 39 358 47 642 174 336 734 512 67 933 110 410 695 692 702 228 255 290 211 194 264 356 526 647 587
35 897 334 87 633 204 303 273 466 249 776 930 715 844 799 725 76 983 492 429 187 489 824 193 260 827 522 916 958 595 685 841 823 733 98 632
20 386 378 265 253 37 527 262 573 126 888 607 1000 491 826 232 941 413 257 349 230
40 58 547 438 152 150 574 913 286 807 196 450 9 208 227 665 747 864 569 14 468 555 815 516 11 971 341 295 281 658 71 7 44 505 66 328 601 155 869 506 432
37 364 889 800 878 60 893 1021 321 439 822 99 474 362 319 215 309 511 594 1003 915 875 777 457 83 138 312 387 225 244 454 993 918 523 314 316 635 606
30 371 72 199 788 946 1007 872 868 903 757 332 63 655 605 590 540 280 30 202 426 731 808 444 724 988 927 326 714 881 811
30 588 323 493 741 288 140 618 421 1006 483 783 379 472 541 972 728 787 738 415 613 628 307 931 646 130 810 407 996 662 84
30 408 853 603 209 302 406 122 254 291 546 990 216 284 615 10 745 56 449 948 183 608 488 765 467 700 427 139 1 197 317
36 80 770 751 529 400 276 793 668 871 251 932 737 486 19 804 218 92 882 13 113 753 809 735 285 796 191 508 109 346 638 240 697 206 548 380 978
39 359 65 630 577 6 967 231 451 149 367 850 998 256 599 842 114 68 704 64 69 675 729 929 361 833 93 389 70 752 268 1023 238 324 936 652 645 470 327 579
37 102 883 418 779 339 962 553 107 131 374 860 437 619 142 233 125 168 423 390 145 53 625 640 461 133 790 621 52 417 920 837 627 773 965 819 908 169
31 710 88 86 494 32 36 556 266 91 583 885 722 482 720 705 62 921 746 950 484 34 459 612 764 817 433 774 812 560 907 981
34 634 243 859 542 479 57 789 1015 453 914 820 802 337 701 258 673 186 682 597 873 906 951 1018 713 179 545 564 979 128 188 515 1014 539 275
36 15 498 896 977 570 905 278 81 917 945 445 338 503 835 54 300 279 497 969 448 759 340 567 563 156 649 679 31 935 246 531 118 681 369 108 755
25 165 252 394 136 397 1017 82 509 185 436 543 1013 182 250 955 520 536 609 957 706 190 471 434 926 991
32 596 886 97 74 643 134 116 481 304 242 561 780 331 42 18 50 234 623 192 352 761 170 73 591 985 863 517 148 624 830 333 382
26 477 639 464 834 813 528 504 852 25 866 637 565 718 768 205 975 937 24 163 495 870 184 452 1009 598 571
30 274 818 226 694 85 887 223 801 660 954 894 986 360 141 968 586 532 748 904 261 22 435 305 690 877 119 717 195 1019 934
34 61 686 263 552 1016 235 143 154 709 485 648 641 363 939 980 994 519 758 898 687 831 879 754 41 554 953 806 212 847 132 121 865 178 924
44 521 287 611 814 45 401 476 654 322 162 952 297 559 271 922 786 368 106 832 38 23 781 892 247 441 396 1001 997 982 158 629 938 959 424 533 308 584 742 572 568 876 123 104 1012
35 843 79 159 899 245 487 96 900 462 373 880 891 473 940 730 372 973 46 430 829 447 534 200 402 778 296 101 59 283 816 299 514 999 867 1024
34 311 620 219 530 756 89 8 398 475 711 693 1002 578 167 310 708 614 544 989 221 671 351 377 1020 838 661 115 856 241 617 229 698 1010 562
35 766 949 329 602 173 744 403 201 20 963 442 499 224 739 237 269 171 970 585 538 803 365 593 750 26 292 500 653 691 161 29 992 862 181 239
37 35 384 103 414 677 49 762 175 480 749 712 100 431 270 355 942 716 650 845 821 925 839 135 688 912 782 961 909 153 164 558 576 984 727 987 551 911
34 313 213 631 405 203 960 5 259 388 740 189 667 726 719 689 775 428 760 895 825 636 272 581 3 848 1022 566 836 210 1008 507 699 78 77
24 798 294 124 524 943 771 27 318 51 502 220 657 656 797 684 535 525 890 90 589 12 805 172 440
27 651 478 828 582 105 120 769 75 465 177 298 17 151 743 160 840 366 995 580 732 510 412 325 795 344 772 490
37 964 910 217 180 902 419 16 683 680 411 966 236 345 395 463 207 947 923 721 301 33 600 443 409 455 663 393 330 974 644 48 391 767 857 343 157 874
26 666 901 604 137 884 4 763 674 198 353 127 792 557 385 222 40 669 550 458 248 43 267 277 117 460 849
26 112 928 944 166 392 678 446 707 469 736 144 146 347 785 456 320 94 676 616 592 282 342 575 518 147 376
28 696 129 976 21 622 956 350 851 381 861 111 354 664 1004 176 670 289 1011 672 610 501 335 425 404 306 784 659 855
