64 1024
40 26 4 38 12 38 5 33 15 23 50 6 50 18 44 38 23 42 9 48 28 44 10 39 33 25 11 9 30 38 13 18 34 33 5 7 11 45 1 26 50 16 8 41 5 5 37 19 17 23 29 38 32 26 37 42 10 35 21 44 38 42 34 14
36 22 30 23 13 12 35 33 32 21 6 1 21 21 40 23 35 18 13 14 33 12 1 7 16 40 40 48 14 48 12 19 27 21 49 48 33 48 16 34 24 20 20 6 15 39 44 4 25 46 18 6 27 13 41 27 27 42 31 38 48 41 41 2
33 43 35 28 43 36 34 49 23 48 13 6 12 28 24 34 23 38 31 46 41 16 47 26 39 2 20 42 10 23 47 50 36 5 31 24 34 15 20 38 29 27 40 19 18 11 12 19 27 35 26 3 36 16 41 16 20 33 21 38 25 41 14 30 45 34 36 23 13 42 24 38 49 46 4 6 38 32 8 28 18 18 29 42 1 24 20 20 30 1 50 7 29 17 24 48 18 10 14 44 50 38 24 25 21 45 29 43 8 2 1 1 44 46 38 26 48 50 8 4 42 43 33 11 40 46 38 28 20 19 26 16 38 8 36 24 20 20 21 15 29 20 42 28 25 2 49 31 43 3 18 7 44 2 18 32 31 34 16 8 37 14 49 11 34 32 45 11 32 2 26 47 10 48 12 10 16 29 42 32 4 16 4 33 49 4 35 29 9 16 39 46 23 46 35 35 24 7 44 16 47 23 6 50 49 42 4 7 35 7 17 44 16 20 22 31 45 47 12 24 18 25 14 27 29 18 12 17 15 28 31 44 38 47 16 16 15 47 8 36 24 24 16 44 46 37 7 39 25 33 30 9 35 28 14 5 5 18 41 20 43 36 7 24 19 42 32 19 11 12 31 33 8 25 46 40 4 36 19 41 23 14 44 42 29 1 45 14 22 4 39 33 19 21 7 34 32 38 49 33 39 42 28 8 30 13 21 43 9 7 14 19 34 29 37 28 43 30 27 20 4 34 1 4 34 14 32 13 13 25 14 49 43 36 10 14 21 2 11 5 26 36 49 21 48 12 10 37 9 8 10 49 45 19 20 21 16 12 48 45 23 30 33 36 14 23 43 20 20 30 13 7 41 6 50 31 24 21 13 10 37 33 16 29 39 21 37 38 18 12 20 16 12 12 24 29 23 41 38 24 28 40 40 20 30 18 19 50 37 43 49 37 19 3 42 6 47 5 23 29 32 8 43 29 45 38 25 19 24 42 1 20 26 44 7 5 38 41 32 22 49 40 31 30 47 37 16 44 29 5 30 15 38 15 44 41 48 1 37 35 17 37 1 17 13 39 15 25 34 6 23 47 25 20 22 3 43 21 11 19 29 24 48 8 20 42 32 9 14 2 34 12 9 31 19 2 13 2 43 11 11 23 25 40 6 40 19 7 19 6 24 29 40 13 12 36 42 14 24 43 39 41 15 29 7 47 11 1 22 8 39 46 22 16 5 4 39 14 7 5 34 4 24 38 34 3 29 9 27 4 24 23 36 31 23 32 23 34 5 47 30 18 23 44 15 44 48 48 49 14 15 42 15 21 30 23 25 22 11 22 17 45 17 43 50 17 47 1 30 11 8 41 46 35 36 28 25 12 2 41 50 42 25 50 2 46 26 17 39 18 27 22 24 7 26 48 33 29 4 43 7 27 41 27 30 40 6 2 33 20 30 33 12 31 31 4 5 33 46 24 37 1 3 23 37 23 22 27 50 46 29 18 18 19 50 36 7 37 1 16 42 6 35 44 1 24 24 47 36 45 36 18 12 14 32 16 34 35 3 6 29 21 33 43 15 34 43 20 42 30 48 22 25 31 49 30 12 8 31 8 26 36 9 20 40 31 22 27 19 18 29 4 33 44 40 21 30 49 35 24 41 50 31 31 24 8 37 33 13 48 22 20 15 49 43 15 17 48 34 10 41 13 26 11 10 2 19 49 24 17 8 13 31 4 21 6 29 14 46 28 9 9 2 13 2 31 37 13 9 26 13 30 30 19 33 23 2 49 17 33 44 48 30 22 6 42 20 48 40 26 30 40 35 12 45 43 44 14 10 12 16 11 18 40 12 33 10 16 4 24 31 31 44 32 4 40 13 23 34 47 32 32 7 42 5 30 21 14 32 22 45 39 49 11 5 22 36 4 10 23 44 8 35 30 21 19 3 23 48 2 30 10 3 17 44 43 24 22 18 47 16 25 38 47 24 18 3 4 46 3 22 26 29 11 25 6 50 9 16 13 42 35 5 32 21 34 8 48 38 17 21 24 25 18 10 13 18 17 33 46 48 32 28 36 34 20 37 11 9 49 14 37 50 11 35 37 27 43 15 1 10 30 33 18 50 15 23 2 17 24 33 30 23 15 31 14 33 41 36 25 29 18 31 44 46 49 28 7 13 24 5 39 21 22 25 21 1 7 37 4 31 11 12 14 29 1 30 38 22 18 17 4 2 13 38 43 9 35 19 36 35 15 19 37 46 1 5 1 46 43 11 23 8 45 33 26 13 47 28 45 32 6 23 43 36 9 38 48 5 18 23 17 42 17 17 30 21 43 2 35 11 50 27 14
17 847 165 41 387 5 745 456 774 209 1004 553 792 717 147 903 726 416
13 514 715 267 1008 313 436 617 732 390 1017 286 396 306
10 458 545 528 902 787 772 192 696 867 276
16 954 586 702 556 869 760 661 401 442 447 990 434 361 712 916 355
14 994 829 938 534 758 666 300 521 284 729 513 892 238 705
13 142 627 21 949 754 508 886 657 877 978 114 348 673
19 175 412 1016 776 795 932 282 786 862 605 240 987 323 52 773 581 359 540 814
15 58 33 190 158 365 940 631 183 91 99 706 796 554 487 289
15 338 992 216 831 174 937 662 861 133 935 369 923 281 663 207
21 397 368 784 601 16 650 473 61 265 357 310 194 547 604 137 47 671 927 906 333 928
22 738 283 1024 834 340 882 56 83 959 18 424 14 463 790 552 971 104 71 741 736 626 921
13 681 448 647 305 567 307 808 302 643 427 121 856 403
14 885 146 393 917 931 591 972 812 956 1023 118 242 92 86
13 1003 683 272 7 1001 212 312 969 610 290 35 319 564
13 816 176 81 82 482 748 385 371 62 332 1019 884 765
15 25 889 936 67 400 346 199 919 965 188 668 785 440 433 241
17 184 530 582 73 825 134 32 629 115 101 635 985 441 223 489 563 383
12 694 519 872 438 874 120 89 991 522 196 398 806
17 571 783 833 590 97 485 679 259 230 1006 224 161 967 841 583 236 798
21 414 324 450 891 656 443 318 262 866 918 543 622 791 899 171 722 634 44 198 193 561
14 968 855 544 195 699 426 840 445 1013 50 475 378 503 84
16 819 294 677 411 490 420 437 480 737 474 757 868 498 220 951 72
21 493 129 835 233 839 405 630 145 913 875 775 48 103 818 38 888 304 759 974 317 735
22 407 80 472 822 793 572 858 753 878 499 111 467 880 569 299 255 577 907 707 883 719 658
21 509 713 860 675 87 849 542 807 799 771 525 975 970 803 747 898 909 364 908 468 68
21 500 505 17 76 155 857 691 638 274 497 953 684 39 360 797 330 836 676 40 93 977
13 618 824 275 1000 375 520 767 327 205 893 469 981 264
14 46 633 382 1018 386 714 555 253 566 296 551 263 246 700
17 769 1002 653 823 126 429 575 105 516 946 455 734 608 811 529 110 459
14 1015 96 600 277 150 501 672 49 852 136 701 491 989 453
15 27 334 389 1012 851 708 465 720 218 247 652 168 351 911 366
15 226 704 431 315 828 287 859 201 863 328 568 159 685 127 827
18 430 698 178 65 548 162 423 329 454 925 225 249 912 2 342 810 594 353
15 988 914 606 755 79 182 933 379 599 140 464 232 45 350 724
18 901 879 186 746 108 517 197 492 574 846 156 541 4 870 59 248 905 644
19 943 164 660 425 95 602 481 511 219 527 697 373 945 413 1014 461 864 203 415
11 709 131 60 597 343 213 865 820 6 739 30
18 598 642 54 109 187 384 214 504 237 764 222 381 958 273 428 944 297 268
19 154 655 1005 998 3 75 559 588 526 955 408 763 477 88 934 295 476 280 208
13 181 70 358 496 976 418 531 900 703 756 303 285 179
11 881 316 449 848 640 336 721 549 34 229 167
10 779 809 687 995 621 645 446 444 997 625
18 723 298 614 98 962 22 484 690 782 515 984 483 648 560 742 185 678 258
17 802 532 215 573 153 979 370 743 536 169 100 1009 689 254 391 256 664
20 57 794 399 692 973 890 191 200 55 576 495 781 172 926 538 632 654 813 639 611
21 36 210 725 376 996 270 584 768 252 452 589 170 1020 269 367 85 512 960 710 728 28
17 311 993 392 680 585 733 842 471 963 562 419 228 624 301 778 69 78
10 409 592 322 873 805 915 10 251 417 20
10 257 646 667 665 372 250 26 838 1021 177
15 42 119 15 151 817 363 23 777 211 986 651 929 410 29 1011
15 579 271 221 152 924 837 180 752 144 77 682 325 404 550 470
19 695 394 406 887 9 948 166 766 762 321 90 53 395 132 740 157 135 616 853
19 587 344 580 102 173 11 670 143 686 122 31 451 141 896 895 570 457 523 331
17 815 107 761 308 718 243 950 130 245 510 339 620 983 112 377 744 432
17 64 206 335 613 789 612 674 999 727 628 961 659 636 293 731 460 227
15 345 593 123 66 546 850 106 356 502 688 518 260 1007 124 947
16 347 730 832 750 982 770 466 537 980 117 939 74 843 558 231 845
19 486 362 507 202 751 116 609 217 871 160 966 964 637 897 693 63 234 524 494
18 288 43 113 565 904 278 320 189 478 821 326 291 138 826 422 51 435 800
17 804 244 402 24 596 615 607 337 341 780 595 844 669 8 235 462 649
12 148 261 830 876 439 711 125 952 352 539 894 349
20 163 557 749 801 488 388 920 641 922 421 1 354 266 1010 957 239 292 854 12 716
12 94 314 374 623 479 19 533 942 380 578 535 13
15 139 279 910 204 603 788 941 149 930 37 309 1022 128 506 619
