128 1024
49 20 41 29 46 34 31 6 17 50 8 8 35 18 32 24 34 34 2 16 49 23 22 29 36 1 24 30 22 31 16 28 4 19 34 5 2 16 21 47 48 9 15 47 10 45 49 6 50 35 25 23 44 9 1 15 14 39 7 49 6 29 44 18 17 34 20 3 3 9 24 36 39 18 35 7 19 33 1 42 27 26 27 28 46 27 46 6 15 1 13 46 45 33 42 37 5 20 48 38 21 43 5 22 22 5 9 23 8 33 28 36 4 18 19 15 19 49 34 14 38 34 28 49 13 50 23 5
32 49 44 46 4 11 36 12 15 39 31 2 5 41 22 47 20 34 37 7 33 41 5 4 10 22 31 5 46 14 7 36 6 48 5 26 44 26 46 14 18 40 7 31 13 2 5 34 13 37 31 31 31 1 19 24 20 17 12 27 47 48 35 1 47 46 21 21 11 25 13 21 27 36 50 45 37 30 48 33 30 29 49 4 42 48 37 19 46 45 3 14 22 28 29 22 37 38 23 16 9 28 7 17 11 37 42 23 49 3 33 29 14 41 22 13 24 15 43 25 8 8 49 17 13 9 22 49
11 18 25 2 18 23 20 35 45 34 10 40 38 47 14 2 19 35 27 36 50 27 6 33 9 36 21 6 44 50 40 44 27 19 26 41 4 3 31 9 18 4 19 50 37 15 12 46 46 36 20 40 43 10 23 9 19 36 42 39 30 38 1 32 21 34 41 13 1 16 12 23 15 45 24 41 33 39 47 22 29 50 7 47 44 25 8 2 14 26 34 12 43 3 15 43 39 28 5 20 41 9 13 15 26 40 5 46 16 33 28 4 15 47 23 31 15 16 1 37 43 29 17 3 9 46 46 44 38 21 50 21 37 20 2 32 35 45 47 23 27 8 47 48 7 1 46 10 28 2 36 10 24 4 24 28 17 20 9 28 2 15 28 15 27 13 39 21 32 39 15 38 50 38 24 5 28 34 21 8 28 22 25 7 37 12 24 19 29 3 7 35 9 43 41 49 35 27 42 25 11 25 36 40 8 46 18 41 22 5 16 37 8 45 12 44 30 2 49 48 3 6 29 41 14 49 39 10 20 33 1 13 49 50 7 11 11 20 10 40 50 9 15 24 5 5 17 35 31 23 44 2 31 41 32 38 47 36 32 30 29 44 45 8 24 34 50 13 8 8 50 9 49 5 9 20 44 14 27 31 28 36 40 7 44 7 17 46 13 21 21 40 31 6 40 38 48 23 40 45 11 27 13 18 31 35 40 26 29 26 41 26 11 34 20 48 15 18 43 5 36 14 12 36 49 46 42 14 18 6 22 10 32 4 27 32 47 16 2 37 34 28 7 24 9 50 6 1 40 33 45 13 29 17 1 1 34 47 30 30 43 20 47 37 44 39 14 43 11 36 23 19 13 39 35 20 2 10 49 41 2 48 37 49 19 46 9 20 18 37 41 23 42 11 18 32 5 17 16 29 6 8 28 45 35 19 27 50 29 9 14 17 17 50 24 42 49 23 6 24 42 33 29 27 27 40 49 43 24 35 28 4 44 21 17 49 46 24 32 34 36 14 31 27 14 50 6 7 5 5 45 7 31 39 10 40 29 5 45 1 18 8 15 45 27 4 22 4 45 14 42 27 40 43 3 50 21 26 23 26 22 45 38 45 48 10 20 45 41 16 2 7 37 44 40 27 34 39 11 48 45 2 34 16 13 40 33 42 16 2 35 34 48 5 27 14 18 35 3 1 46 36 21 15 35 18 23 36 48 24 13 32 5 42 27 41 19 12 46 32 2 35 35 31 28 29 44 5 15 33 27 43 25 41 29 36 36 11 38 39 2 31 30 11 16 44 27 21 48 34 29 14 24 46 17 8 7 6 11 29 21 10 39 35 17 24 25 11 15 35 6 38 36 23 48 9 22 37 2 28 26 11 35 1 12 27 37 41 35 46 34 40 10 5 1 1 50 32 15 42 37 41 22 3 15 47 28 22 18 21 12 42 45 50 27 12 31 30 9 3 38 30 31 48 6 16 26 21 35 46 28 1 50 44 48 41 22 33 39 12 9 49 24 12 26 2 29 48 32 50 11 36 10 49 18 1 9 29 40 7 24 29 26 40 35 14 7 5 37 31 34 34 21 7 25 26 2 23 33 26 21 11 37 22 8 47 15 26 42 37 31 2 26 10 2 45 5 47 39 21 21 27 8 29 28 14 16 39 33 15 42 28 29 49 19 7 8 30 25 41 35 12 21 47 21 31 6 2 5 40 19 28 38 47 5 19 43 22 40 16 23 11 29 21 16 1 44 21 9 50 46 34 14 26 2 48 12 35 24 25 27 22 24 16 47 18 12 6 4 11 34 16 45 8 16 12 27 40 38 14 44 12 41 36 31 23 46 19 31 13 7 45 34 13 39 43 34 8 28 21 24 15 10 31 44 43 14 36 44 14 34 26 1 32 46 23 5 3 44 17 16 49 4 23 42 13 11 9 15 25 17 48 22 27 26 32 6 20 38 39 44 12 1 19 33 46 38 50 3 42 29 30 12 28 13 28 40 29 10 20 14 49 21 22 16 41 25 17 4 47 19 18 7 11 12 11 7 5 33 18 41 43 8 32 21 50 44 11 26 21 9 12 18 4 10 34 36 4 38 8 30 40 35 18 14 31 32 33 14 14 24 6 14 34 25 49 1 33 10 10 16 44 9 4 14 29 18 42 44 10 11 26 9 36 44 21 31 24 34 25 24 47 34 31 18 50 23 11 31 16 40 28 40 20 19 13 32 32 11 36 34 47 14 4 10 41 26 19 46 47 25 16 19 5 26 45 7 26 34 44 20 9 39 39 16 32 28 49 49 6 28 40 26 6 2 44 5 23 27 24 11 47 9 5
5 206 1020 716 434 195
8 329 563 492 409 996 90 673 247
9 58 176 178 323 824 301 732 730 642
8 708 568 893 676 956 378 321 468
8 650 988 494 1 35 61 188 790
8 747 950 570 698 439 51 281 319
5 565 593 663 605 898
10 382 68 543 852 246 127 199 94 979 865
8 901 344 890 963 894 647 159 249
14 128 274 108 863 760 703 205 680 812 854 475 405 850 740
11 458 377 403 62 213 509 491 748 302 396 549
5 592 713 345 892 354
5 907 373 583 306 1003
8 96 610 763 571 798 829 273 526
8 333 529 545 623 896 41 355 546
8 202 902 637 681 8 633 991 757
2 916 263
12 966 928 52 815 931 194 97 523 505 78 621 330
13 1004 56 617 122 232 164 192 25 485 818 182 819 1013
4 473 19 624 488
3 342 656 271
11 970 161 155 34 562 584 200 889 465 113 347
10 420 573 822 651 391 471 750 914 53 197
9 796 239 522 864 394 72 380 118 332
7 500 398 218 224 1008 849 805
8 555 687 36 65 737 63 753 767
8 461 231 204 259 85 838 1016 875
12 678 569 735 548 762 754 941 976 186 112 114 775
7 422 123 876 45 786 932 435
8 397 350 229 602 577 749 629 709
7 528 759 278 480 80 781 542
7 47 648 233 743 700 869 725
11 30 900 695 995 580 662 574 365 183 946 913
7 1018 167 384 208 720 536 975
7 899 514 428 990 638 469 1019
11 277 140 983 804 641 132 289 311 110 203 729
8 538 493 561 48 618 839 921 92
8 721 169 174 855 603 418 766 251
6 291 402 714 407 742 935
4 787 225 367 424
6 927 677 576 478 5 368
9 674 817 463 165 87 715 386 381 146
7 780 86 481 234 1015 930 440
9 476 410 654 834 929 147 293 825 595
4 7 38 962 88
12 778 28 947 15 353 73 547 508 803 519 904 3
9 40 868 459 736 588 999 282 360 189
5 266 886 399 866 671
7 707 969 727 816 220 726 594
10 1021 32 980 230 106 285 253 639 578 320
6 1009 926 129 138 9 511
8 37 276 952 598 800 520 951 207
7 1010 506 613 601 339 303 810
8 46 961 258 57 445 290 81 954
9 915 223 437 942 614 89 665 341 134
8 495 221 66 636 572 772 859 776
4 994 881 389 20
3 392 795 214
6 655 632 59 1000 77 847
10 910 771 770 596 777 534 133 661 54 752
9 982 664 370 429 877 222 460 622 433
5 464 298 74 683 878
9 535 882 2 960 600 98 652 462 107
3 842 363 844
7 517 940 539 826 416 105 482
6 250 587 731 248 260 444
7 29 874 209 712 653 690 644
7 26 948 198 848 284 267 836
13 939 1014 172 322 486 39 785 968 191 1006 682 559 544
9 791 1012 255 487 215 692 628 425 372
11 857 885 383 551 82 43 670 453 579 414 126
8 452 16 149 489 272 1017 835 768
9 324 974 252 909 44 987 243 76 352
11 265 1005 765 119 887 157 412 109 447 831 75
16 375 911 507 438 173 977 821 286 513 23 264 179 724 739 575 24
6 316 117 201 686 385 358
8 404 832 722 498 938 466 356 327
9 449 908 608 972 923 845 244 210 22
10 374 512 590 599 619 521 955 242 318 21
1 235
6 813 553 755 967 643 783
6 510 986 470 811 245 918
9 315 193 261 814 294 779 746 93 357
5 131 219 841 483 685
7 369 784 121 679 936 359 564
8 945 254 325 697 31 362 455 228
8 283 211 550 180 696 238 937 701
12 867 733 552 395 257 130 525 903 964 137 646 635
6 645 502 634 91 764 436
11 364 335 554 556 943 99 160 60 793 524 744
4 304 212 296 917
8 151 154 515 310 873 490 343 236
10 883 971 430 111 287 196 340 728 226 756
3 501 270 837
9 965 659 626 984 808 42 166 326 479
5 891 557 745 408 337
10 472 158 141 897 799 104 393 827 667 797
8 607 427 124 423 856 388 912 163
5 953 1023 216 879 307
9 14 895 516 833 934 334 275 190 997
9 120 170 162 862 116 11 331 503 181
10 978 531 801 313 684 338 657 185 944 454
10 706 371 115 295 693 606 376 217 70 297
9 604 308 537 417 846 299 312 705 933
6 582 443 361 448 631 789
9 702 292 616 560 718 101 959 474 441
5 95 351 567 50 177
4 415 125 591 336
12 773 688 467 55 649 152 33 989 853 625 672 497
12 241 620 12 18 660 919 100 668 187 442 227 589
9 809 504 723 317 401 477 262 268 566
7 499 820 581 518 451 379 830
10 1002 426 992 288 83 175 540 69 823 144
6 993 168 627 314 406 366
8 431 906 738 256 666 541 922 734
7 741 13 925 145 872 84 143
16 949 558 769 806 148 704 533 237 758 630 615 694 532 1011 496 411
9 843 871 27 421 675 611 807 1024 346
10 240 432 71 1001 585 136 102 527 10 711
8 609 794 792 719 103 305 67 64
10 774 998 300 349 888 457 920 640 751 280
11 861 905 870 530 309 669 328 981 184 6 17
9 858 699 689 597 269 717 884 1007 782
7 79 153 348 710 860 150 761
12 413 400 450 691 49 4 924 456 802 828 139 958
6 957 788 387 973 880 484
7 142 586 446 390 279 135 1022
8 851 985 840 419 156 171 612 658
