20 350
6 10
8 3
20 13
12 11
7 8
15 17
17 6
2 9
8 4
15 1
17 12
11 3
1 18
4 3
19 12
18 20
8 9
16 17
10 15
6 2
1 8
4 14
9 8
10 16
6 3
5 3
10 6
3 11
12 13
8 5
6 9
11 20
5 2
5 20
15 16
1 13
18 9
15 14
7 18
19 7
13 20
8 10
17 13
16 15
7 17
11 16
3 6
19 3
15 4
8 17
17 15
9 19
17 20
10 18
3 13
17 8
12 20
1 17
8 15
3 10
14 4
2 5
10 2
14 17
14 3
8 12
16 5
6 16
2 17
5 11
19 17
20 4
1 6
13 15
11 18
11 14
14 18
13 16
3 2
5 14
14 2
14 10
18 7
20 5
14 13
1 15
17 14
19 11
5 6
18 17
16 3
18 12
10 13
16 20
6 4
4 8
10 1
4 12
15 7
12 1
20 17
6 11
7 9
20 15
2 11
12 17
19 20
7 12
19 6
14 7
9 17
13 14
20 11
4 20
7 3
2 3
2 7
1 4
2 10
9 14
11 12
11 5
7 11
17 1
8 14
10 20
7 5
4 7
9 7
17 19
5 15
12 4
5 4
1 19
13 3
19 9
4 10
7 19
12 18
19 13
12 5
3 17
2 15
18 11
20 16
16 10
4 13
15 8
15 11
13 5
17 2
15 3
6 1
12 2
16 7
13 7
3 9
8 1
6 14
1 2
20 9
12 14
4 17
2 16
3 4
17 5
15 10
19 8
14 19
6 13
14 9
13 12
2 13
4 9
12 9
14 5
2 18
6 5
12 6
2 19
17 7
11 15
18 13
12 19
9 3
3 14
16 19
6 12
8 19
3 8
18 14
16 11
17 11
6 18
9 18
1 7
10 12
3 16
1 10
20 19
16 6
15 13
7 1
12 7
10 5
9 1
13 19
12 8
9 5
11 10
10 14
12 10
4 11
19 10
19 16
18 19
9 12
5 8
7 10
6 8
17 16
1 20
18 5
9 10
5 12
10 19
9 20
20 10
12 3
4 16
4 5
16 1
3 15
5 16
2 4
11 1
8 11
18 1
12 16
17 10
17 4
5 13
4 1
9 13
14 8
11 7
13 9
9 6
3 20
5 19
4 2
5 7
16 8
14 20
9 4
13 4
13 8
7 16
20 14
3 19
8 7
13 18
6 17
14 6
19 1
17 3
15 20
18 4
10 8
11 17
10 3
14 11
13 2
4 19
10 9
13 17
3 5
18 3
19 15
15 9
3 12
16 13
13 6
9 11
18 8
15 18
8 18
2 1
19 18
10 11
17 18
3 18
14 1
14 12
16 14
19 5
7 4
3 1
11 6
7 2
10 17
6 15
7 13
4 15
18 15
18 10
20 18
10 7
12 15
7 20
4 6
11 13
15 2
14 16
15 19
18 16
20 2
11 2
2 12
5 9
9 2
20 12
20 8
20 7
2 6
16 12
2 14
10 4
6 7
15 5
15 12
20 6
1 16
11 9
8 2
19 14
3 7
13 11
6 20
16 18
18 6
8 20
11 4
5 10
7 15
11 19
9 15
14 15
5 1
7 6

